{
  "type": "reduced",
  "dofs_per_node": 6,
  "interface": [
    {
      "name": "lower_front_inner",
      "xyz": [
        -110.0,
        200.0,
        122.5
      ]
    },
    {
      "name": "lower_rear_inner",
      "xyz": [
        140.0,
        200.0,
        117.5
      ]
    },
    {
      "name": "lower_ball",
      "xyz": [
        -5.0,
        575.0,
        110.0
      ]
    }
  ],
  "K_condensed": [
    [
      5040.724,
      16706.994,
      -556.9,
      0.0,
      -2267.287,
      -68018.601,
      0.0,
      0.0,
      0.0,
      0.0,
      0.0,
      0.0,
      -5040.724,
      -16706.994,
      556.9,
      0.0,
      -2267.287,
      -68018.601
    ],
    [
      16706.994,
      60030.602,
      -1988.928,
      2267.287,
      0.0,
      19045.208,
      0.0,
      0.0,
      0.0,
      0.0,
      0.0,
      0.0,
      -16706.994,
      -60030.602,
      1988.928,
      2267.287,
      0.0,
      19045.208
    ],
    [
      -556.9,
      -1988.928,
      429.063,
      68018.601,
      -19045.208,
      0.0,
      0.0,
      0.0,
      0.0,
      0.0,
      0.0,
      0.0,
      556.9,
      1988.928,
      -429.063,
      68018.601,
      -19045.208,
      0.0
    ],
    [
      -0.0,
      2267.287,
      68018.601,
      17283673.886,
      -3832267.499,
      127742.25,
      0.0,
      0.0,
      0.0,
      0.0,
      0.0,
      0.0,
      0.0,
      -2267.287,
      -68018.601,
      8251642.434,
      -3309685.567,
      110322.852
    ],
    [
      -2267.287,
      -0.0,
      -19045.208,
      -3832267.499,
      4670039.147,
      456222.321,
      0.0,
      0.0,
      0.0,
      0.0,
      0.0,
      0.0,
      2267.287,
      0.0,
      19045.208,
      -3309685.567,
      -2641951.205,
      394010.187
    ],
    [
      -68018.601,
      19045.208,
      0.0,
      127742.25,
      456222.321,
      18341501.375,
      0.0,
      0.0,
      0.0,
      0.0,
      0.0,
      0.0,
      68018.601,
      -19045.208,
      0.0,
      110322.852,
      394010.187,
      9165220.72
    ],
    [
      0.0,
      0.0,
      0.0,
      0.0,
      0.0,
      0.0,
      8447.195,
      -20992.831,
      419.857,
      0.0,
      -1237.377,
      -61868.838,
      -8447.195,
      20992.831,
      -419.857,
      0.0,
      -1237.377,
      -61868.838
    ],
    [
      0.0,
      0.0,
      0.0,
      0.0,
      0.0,
      0.0,
      -20992.831,
      54621.771,
      -1085.836,
      1237.377,
      0.0,
      -23922.618,
      20992.831,
      -54621.771,
      1085.836,
      1237.377,
      0.0,
      -23922.618
    ],
    [
      0.0,
      0.0,
      0.0,
      0.0,
      0.0,
      0.0,
      419.857,
      -1085.836,
      351.684,
      61868.838,
      23922.618,
      0.0,
      -419.857,
      1085.836,
      -351.684,
      61868.838,
      23922.618,
      0.0
    ],
    [
      0.0,
      0.0,
      0.0,
      0.0,
      0.0,
      0.0,
      -0.0,
      1237.377,
      61868.838,
      15924619.847,
      4813697.429,
      -96273.949,
      0.0,
      -1237.377,
      -61868.838,
      7285474.891,
      4157284.143,
      -83145.683
    ],
    [
      0.0,
      0.0,
      0.0,
      0.0,
      0.0,
      0.0,
      -1237.377,
      -0.0,
      23922.618,
      4813697.429,
      5336698.697,
      248984.35,
      1237.377,
      0.0,
      -23922.618,
      4157284.143,
      -1858638.83,
      215031.938
    ],
    [
      0.0,
      0.0,
      0.0,
      0.0,
      0.0,
      0.0,
      -61868.838,
      -23922.618,
      0.0,
      -96273.949,
      248984.35,
      17780936.499,
      61868.838,
      23922.618,
      0.0,
      -83145.683,
      215031.938,
      8888657.454
    ],
    [
      -5040.724,
      -16706.994,
      556.9,
      -0.0,
      2267.287,
      68018.601,
      -8447.195,
      20992.831,
      -419.857,
      -0.0,
      1237.377,
      61868.838,
      13487.919,
      -4285.837,
      -137.043,
      -0.0,
      3504.663,
      129887.439
    ],
    [
      -16706.994,
      -60030.602,
      1988.928,
      -2267.287,
      -0.0,
      -19045.208,
      20992.831,
      -54621.771,
      1085.836,
      -1237.377,
      -0.0,
      23922.618,
      -4285.837,
      114652.373,
      -3074.764,
      -3504.663,
      -0.0,
      4877.409
    ],
    [
      556.9,
      1988.928,
      -429.063,
      -68018.601,
      19045.208,
      0.0,
      -419.857,
      1085.836,
      -351.684,
      -61868.838,
      -23922.618,
      0.0,
      -137.043,
      -3074.764,
      780.747,
      -129887.439,
      -4877.409,
      0.0
    ],
    [
      -0.0,
      2267.287,
      68018.601,
      8251642.434,
      -3309685.567,
      110322.852,
      -0.0,
      1237.377,
      61868.838,
      7285474.891,
      4157284.143,
      -83145.683,
      0.0,
      -3504.663,
      -129887.439,
      33208293.733,
      981429.93,
      31468.301
    ],
    [
      -2267.287,
      -0.0,
      -19045.208,
      -3309685.567,
      -2641951.205,
      394010.187,
      -1237.377,
      -0.0,
      23922.618,
      4157284.143,
      -1858638.83,
      215031.938,
      3504.663,
      0.0,
      -4877.409,
      981429.93,
      10006737.844,
      705206.671
    ],
    [
      -68018.601,
      19045.208,
      0.0,
      110322.852,
      394010.187,
      9165220.72,
      -61868.838,
      -23922.618,
      0.0,
      -83145.683,
      215031.938,
      8888657.454,
      129887.439,
      4877.409,
      0.0,
      31468.301,
      705206.671,
      36122437.874
    ]
  ],
  "source": "mesh",
  "_about": "Same lower A-arm as lower_a_arm.flex.json, but exported as a PRE-REDUCED superelement: interface nodes + condensed stiffness. This is the portable form an ADAMS Flex MNF (or any Craig-Bampton/Guyan reduction / DMIG) carries for the static load<->deflection content. KinematiK uses K_condensed verbatim."
}